48
78
71
83
73
81
95
76
28
78
81
65
91
93
81
70
69
73
80
91
75
97
74
93
88
82
77
89
61
75
82
90
72
92
87
85
37
83
76
77
77
93
81
89
67
96
82
91
83
77
97
71
82
33
91
88
77
83
80
96
75
74
98
68
79
71
37
82
73
90
81
89
89
79
65
88
94
84
85
61
68
85
87
69
82
80
71
77
86
94
99
83
90
27
96
89
94
90
50
84
2
70
84
68
76
71
44
69
45
77
92
40
85
89
71
45
71
93
61
88
65
79
77
64
94
75
87
91
68
94
79
97
72
88
94
44
86
77
88
76
93
74
83
97
91
63
67
78
89
90
82
94
94
88
83
93
85
89
85
73
91
74
38
73
67
93
75
93
32
98
95
86
78
91
65
84
77
57
68
78
85
79
95
87
83
74
74
78
58
80
85
83
59
84
71
87
68
82
94
92
66
93
84
88
69
87
79
92
67
74
63
78
86
93
84
48
70
27
86
90
94
77
89
69
57
70
50
77
74
69
88
97
94
63
80
97
96
90
93
77
89
80
97
80
97
71
93
95
88
67
65
12
72
96
69
98
76
75
88
64
85
81
85
83
77
79
36
69
83
90
86
74
92
95
68
84
91
86
57
95
94
76
75
90
68
63
70
90
98
89
74
93
83
96
70
87
93
86
60
70
95
85
89
82
88
87
85
96
63
76
86
75
66
82
74
97
76
56
82
98
93
38
58
95
69
63
92
83
83
75
70
87
83
86
90
67
62
54
100
81
82
72
97
85
77
100
60
77
52
34
99
95
83
88
58
97
73
85
94
80
92
77
71
77
86
51
80
81
98
82
86
79
82
52
85
90
73
88
89
74
92
88
91
85
88
91
81
84
13
83
99
99
88
96
69
60
78
92
82
53
83
78
79
66
95
99
77
93
81
85
79
90
91
86
85
87
92
77
95
94
86
74
98
86
98
88
10
47
83
66
67
97
67
53
94
22
77
87
81
95
80
74
75
87
96
83
95
90
95
74
74
86
95
55
59
82
65
44
29
87
85
70
100
85
89
83
98
83
81
74
63
90
54
41
45
74
76
94
81
95
91
77
83
67
86
89
97
87
80
52
54
72
97
53
76
82
93
92
74
51
66
97
65
69
86
94
86
87
73
83
63
85
77
77
86
74
86
83
80
97
96
86
93
67
90
97
62
64
89
82
88
76
85
93
74
75
81
88
77
81
86
98
79
88
67
77
70
83
96
69
74
90
84
65
68
74
37
71
93
74
95
77
60
80
77
35
82
57
76
85
68
85
93
92
59
92
88
48
83
80
84
87
91
92
75
76
82
67
44
84
89
90
95
82
87
74
86
65
85
73
89
90
73
90
69
70
67
85
85
91
95
70
97
54
88
86
94
93
78
97
97
97
81
75
91
85
79
85
65
91
51
56
74
77
70
67
100
90
76
86
73
61
80
68
85
87
71
94
97
93
90
81
84
64
71
90
74
81
94
71
55
81
82
79
91
57
55
65
78
79
89
81
34
84
88
82
100
71
86
78
97
74
89
65
67
85
92
52
65
73
90
76
83
84
48
71
55
85
85
74
84
94
87
92
80
84
88
79
79
74
93
95
93
78
81
78
80
43
87
89
63
84
81
75
59
32
88
88
95
89
73
90
83
70
29
89
73
78
83
61
71
66
72
99
90
65
94
87
73
48
77
87
96
83
89
80
88
87
80
87
77
79
100
65
53
75
94
93
89
87
61
95
84
65
82
59
96
91
81
86
59
90
83
81
65
81
56
95
83
79
82
58
35
77
87
97
58
99
79
71
77
78
82
90
77
73
85
89
94
84
63
79
82
90
83
70
59
34
47
98
60
79
80
90
73
80
94
78
92
90
85
27
89
81
85
84
71
89
85
49
84
91
94
67
77
74
96
83
98
72
85
57
91
79
93
96
93
61
81
85
75
85
97
81
81
68
56
61
91
70
93
77
63
92
84
91
64
96
91
59
78
98
94
76
98
76
12
96
95
76
83
44
96
41
79
65
85
73
94
54
77
59
49
82
68
83
84
79
74
65
90
75
83
81
67
84
79
85
100
91
80
89
68
83
90
74
74
72
84
79
62
86
78
64
92
89
70
62
52
72
39
87
51
77
70
89
41
82
87
100
93
57
91
58
95
65
65
56
88
86
85
30
81
85
98
99
80
88
89
100
98
75
99
71
90
23
62
80
95
73
67
51
95
48
88
90
84
83
75
82
80
61
80
87
93
66
90
93
59
69
86
84
76
87
80
67
82
91
72
60
97
97
67
83
51
81
98
95
67
73
78
95
85
56
98
91
58
83
88
88
13
43
91
85
49
88
94
80
78
85
85
70
83
84
61
70
53
59
88
38
94
96
99
79
90
88
64
85
52
66
81
50
92
60
71
88
97
82
87
68
99
17
85
79
68
85
98
66
89
89
87
87
89
65
66
85
52
75
62
79
90
79
92
43
74
41
74
26
82
46
81
80
82
84
83
90
55
93
81
74
92
89
92
91
90
50
66
